2017-06-18 10:14:22,524 - DEBUG Arguments: Namespace(gpu='grow_gpu')

2017-06-18 10:14:26,081 - INFO Opt1 rounds / params / args:
962
{'colsample_bytree': 0.7000000000000001, 'eval_metric': 'rmse', 'gamma': 0.2, 'learning_rate': 0.04, 'max_depth': 5, 'min_child_weight': 1.0, 'objective': 'reg:linear', 'seed': 254, 'silent': 1, 'subsample': 0.6000000000000001, 'tree_method': 'exact', 'xgbArgs': {'early_stopping_rounds': 100, 'nfold': 10, 'num_boost_round': 1000, 'show_stdv': False, 'verbose_eval': 50}, 'updater': 'grow_gpu'}
{'num_boost_round': 1011}

2017-06-18 10:43:54,780 - INFO Opt2 CV output:       test-rmse-mean  test-rmse-std  train-rmse-mean  train-rmse-std
0        8246789.550  198781.200136      8249133.900    22013.728296
1        8184310.550  199003.534652      8186657.250    21932.707960
2        8122641.650  199289.850194      8124953.900    21856.832138
3        8061847.150  199608.313662      8064016.200    21786.046695
4        8001756.900  199832.020743      8003824.550    21722.710275
5        7942454.550  200155.945701      7944364.200    21673.600632
6        7883640.400  200505.958172      7885626.400    21626.669970
7        7825647.700  200921.136509      7827593.550    21581.396702
8        7768247.950  201273.338289      7770268.600    21536.881091
9        7711663.600  201711.269594      7713634.450    21494.245347
10       7655653.900  202070.958177      7657695.200    21452.420749
11       7600444.800  202476.783339      7602433.850    21412.058310
12       7545789.100  202833.461763      7547854.200    21372.203044
13       7491931.450  203259.616081      7493938.800    21335.263726
14       7438621.100  203630.790755      7440692.750    21298.632634
15       7386063.100  204025.686153      7388097.600    21262.536602
16       7334286.900  204212.984745      7336159.750    21230.093254
17       7282815.450  204825.306599      7284858.300    21195.491120
18       7232294.450  205012.309414      7234203.000    21166.240607
19       7182010.700  205496.696286      7184171.650    21133.416297
20       7132918.200  205838.162674      7134770.500    21105.208172
21       7083875.900  206302.502950      7085981.800    21075.249856
22       7036013.600  206574.901744      7037811.200    21047.989945
23       6988204.000  207091.533579      6990240.550    21019.086295
24       6941465.100  207478.385069      6943272.050    20995.701621
25       6894888.200  207889.762409      6896893.750    20969.394564
26       6849338.700  208212.821014      6851099.050    20945.107977
27       6803843.050  208702.022825      6805885.800    20921.130358
28       6759500.800  209047.853030      6761240.500    20896.215666
29       6715288.000  209491.804709      6717167.300    20874.902044
...              ...            ...              ...             ...
9970     2866400.725  201608.158730      2735224.775    23236.410438
9971     2866423.675  201621.353581      2735213.550    23236.429576
9972     2866405.550  201609.405712      2735202.250    23236.406497
9973     2866398.000  201607.161428      2735190.950    23236.431212
9974     2866392.150  201604.493518      2735179.675    23236.435534
9975     2866382.200  201597.634858      2735168.500    23236.423373
9976     2866375.725  201610.277061      2735157.225    23236.437572
9977     2866369.375  201608.391009      2735145.950    23236.488934
9978     2866354.825  201605.854725      2735134.650    23236.456888
9979     2866347.350  201606.271015      2735123.450    23236.447381
9980     2866341.075  201601.908966      2735112.175    23236.455496
9981     2866330.675  201600.061837      2735100.900    23236.516744
9982     2866330.550  201598.915112      2735089.625    23236.506135
9983     2866330.700  201596.147522      2735078.375    23236.495206
9984     2866320.750  201599.818920      2735067.100    23236.447950
9985     2866308.800  201603.558195      2735055.925    23236.496132
9986     2866302.550  201601.830112      2735044.625    23236.450394
9987     2866321.675  201623.008018      2735033.375    23236.420732
9988     2866327.675  201619.005055      2735022.175    23236.446320
9989     2866319.300  201612.710645      2735010.875    23236.453389
9990     2866313.475  201612.285532      2734999.600    23236.481579
9991     2866299.950  201612.763578      2734988.400    23236.499106
9992     2866282.500  201604.969919      2734977.150    23236.500050
9993     2866274.775  201608.122679      2734965.875    23236.505088
9994     2866266.800  201602.994157      2734954.675    23236.490722
9995     2866258.225  201607.060821      2734943.425    23236.487339
9996     2866252.325  201607.863944      2734932.200    23236.465977
9997     2866246.775  201602.654128      2734920.975    23236.452117
9998     2866247.400  201602.652174      2734909.675    23236.482132
9999     2866239.525  201616.378377      2734898.500    23236.436189

[10000 rows x 4 columns]


2017-06-18 10:43:54,784 - INFO Opt2 rounds / params / args:
10000
{'objective': 'reg:linear', 'eval_metric': 'rmse', 'tree_method': 'exact', 'eta': 0.01, 'colsample_bytree': 0.9, 'gamma': 0.1, 'max_depth': 1, 'min_child_weight': 3.0, 'subsample': 0.5, 'silent': 1, 'updater': 'grow_gpu'}
{'num_boost_round': 1011}

2017-06-18 11:15:09,318 - INFO Opt3 rounds / params / args:
10000
{'objective': 'reg:linear', 'eval_metric': 'rmse', 'tree_method': 'exact', 'eta': 0.01, 'colsample_bytree': 0.5, 'gamma': 0.3, 'max_depth': 1, 'min_child_weight': 2.0, 'subsample': 0.65, 'silent': 1, 'updater': 'grow_gpu'}
{'num_boost_round': 10500}

